1111111111111111111111111111111111111111111111111111111111111111111111111111111111111111111111111111111111110000011111111111110000000001111111111001111111001111111100111111111001111111001111111110011111110011111111100111111110011111110011111111110000000001111111111111000001111111111111111111111111111111111111111111111111111111111111111111111111111111111111111111111111111111111111111111111111111111;0000
1111111111111111111111111111111111111111111111111111111111111111111111111111111111111111111111111111111111111111111111111111100111111110011111111011111111100111111100111111111001111111000000000000011111110000000000000111111111111111111001111111111111111110011111111111111111100111111111111111111111111111111111111111111111111111111111111111111111111111111111111111111111111111111111111111111111111111;0001
1111111111111111111111111111111111111111111111111111111111111111111111111111111111111111111111111111111110111111111001111111101111111100011111110011111110000111111100111111001001111111001111100110011111111011110011100111111110000001111001111111110001111110011111111111111111111111111111111111111111111111111111111111111111111111111111111111111111111111111111111111111111111111111111111111111111111111;0010
1111111111111111111111111111111111111111111111111111111111111111111111111111111111111111111111111111111110111111111011111111101111111110111111110011100111100111111100111001111001111111001110011110011111110011100111100111111110111000110011111111100001100000111111111100111100111111111111111111111111111111111111111111111111111111111111111111111111111111111111111111111111111111111111111111111111111111;0011
1111111111111111111111111111111111111111111111111111111111111111111111111111111111111111111111111111111111111111001111111111111111100011111111111111100100111111111111110111001111111111110011110011111111111011111100111111111100000000000001111111000000000000011111111111111100111111111111111111001111111111111111111111111111111111111111111111111111111111111111111111111111111111111111111111111111111111;0100
1111111111111111111111111111111111111111111111111111111111111111111111111111111111111111111111111111111111111111111011111111000000111110111111110000001111100111111100110011111001111111001100111110011111110011000111001111111100111000000011111111111111100011111111111111111111111111111111111111111111111111111111111111111111111111111111111111111111111111111111111111111111111111111111111111111111111111;0101
1111111111111111111111111111111111111111111111111111111111111111111111111111111111111111111111111111111111110000011111111111110000000001111111111000111111101111111110111101111001111111001110011110011111110011100111100111111100111101111011111111101111000000111111111111111000111111111111111111111111111111111111111111111111111111111111111111111111111111111111111111111111111111111111111111111111111111;0110
1111111111111111111111111111111111111111111111111111111111111111111111111111111111111111111111111111111100111111111111111111001111111111111111110011111111110111111100111111100001111111001111000001111111110010000011111111111100000111111111111111001111111111111111111111111111111111111111111111111111111111111111111111111111111111111111111111111111111111111111111111111111111111111111111111111111111111;0111
1111111111111111111111111111111111111111111111111111111111111111111111111111111111111111111111111111111111001111000111111111100001100000111111111011100111101111111100111001111001111111001110011110011111110011100111100111111110111001111011111111100001100000111111111100111100011111111111111111111111111111111111111111111111111111111111111111111111111111111111111111111111111111111111111111111111111111;1000
1111111111111111111111111111111111111111111111111111111111111111111111111111111111111111111111111111111111100011111111111111100000011110111111111011110111100111111100111100111001111111001111001110011111110011110111101111111110111111100011111111110000000001111111111111000001111111111111111111111111111111111111111111111111111111111111111111111111111111111111111111111111111111111111111111111111111111;1001
